5591
13936
17466
17016
14651
12631
999999999
999999999
15420
999999999
13237
999999999
999999999
999999999
999999999
999999999
999999999
14541
7606
999999999
18311
999999999
999999999
13037
13599
999999999
16015
999999999
14544
999999999
999999999
999999999
16543
18194
15878
999999999
999999999
999999999
999999999
18278
999999999
999999999
999999999
13559
999999999
999999999
999999999
999999999
999999999
999999999
999999999
999999999
16968
999999999
5773
18107
999999999
999999999
999999999
999999999
999999999
999999999
999999999
18168
999999999
999999999
999999999
999999999
999999999
18176
999999999
999999999
999999999
999999999
999999999
999999999
999999999
999999999
999999999
999999999
999999999
999999999
999999999
999999999
999999999
999999999
999999999
999999999
999999999
999999999
999999999
999999999
999999999
17096
999999999
999999999
999999999
999999999
999999999
999999999
999999999
18105
999999999
999999999
999999999
999999999
999999999
18295
999999999
999999999
999999999
999999999
999999999
18279
999999999
999999999
999999999
999999999
999999999
999999999
999999999
999999999
999999999
999999999
999999999
999999999
999999999
999999999
999999999
999999999
999999999
17758
999999999
999999999
999999999
999999999
999999999
999999999
999999999
999999999
999999999
999999999
17233
999999999
999999999
999999999
999999999
999999999
17935
999999999
999999999
999999999
999999999
999999999
999999999
999999999
999999999
999999999
999999999
999999999
999999999
999999999
999999999
999999999
999999999
999999999
999999999
999999999
999999999
999999999
999999999
999999999
999999999
999999999
999999999
999999999
999999999
